[trigger]
width=5.000000
height=15.000000
delay=0.000000
[rcs]
rate=1.000000
amount=5
enabled=true